A3-1 : -119.0461 34.16656
A3-2 : -119.046 34.16656

A4-1 : -119.046330 34.164491
A4-2 : -119.046400 34.164496
A4-3 : -119.046411 34.164487
A4-4 : -119.046422 34.164474
A4-5 : -119.046889 34.164363
A4-6 : -119.046921 34.164363
A4-7 : -119.046942 34.164349
A4-8 : -119.046975 34.164340
A4-9 : -119.046109 34.163897
A4-10 : -119.046136 34.16389
A4-11 : -119.046174 34.163897
A4-12 : -119.046217 34.163883

A11-1 : -119.048043 34.163741

G8-1 : -119.046319 34.163120

CY37-1 : -119.045175 34.161921
CY37-2 : -119.045235 34.161912

A5-1 : -119.044919 34.160767
A5-2 : -119.044919 34.160732
A5-3 : -119.044886 34.160710
A5-4 : -119.044854 34.160674

SH1-1 : -119.044801 34.159054
SH1-2 : -119.044876 34.159089
SH1-3 : -119.044554 34.158978
(THERE ARE 11 total....)

SH2-1 : -119.042347 34.158290
SH2-2 : -119.042299 34.158295
(THERE ARE 8 toatal....)

A1-1 : -119.042789 34.163897
A1-2 : -119.042762 34.163857

A2-1 : -119.042091 34.164203
A2-2 : -119.042064 34.164154
A2-3 : -119.041216 34.164025
A2-4 : -119.041194 34.163994
A2-5 : -119.041184 34.163968

A6-1 : -119.041920 34.163098
(ACTUAL COUNT UNKNOWN)

R-1 : -119.043531 34.162893
R-2 : -119.043492 34.162893
R-3 : -119.043063 34.162796
R-4 : -119.042993 34.162800

D1-1 : -119.042156 34.161682
(THERE ARE 13 total...)

A7-1 : -119.041286 34.160541
A7-2 : -119.041265 34.160488
A7-3 : -119.041506 34.161136
(ACTUAL COUNT UNKNOWN)

A8-1 : -119.040300 34.162902
A8-2 : -119.040321 34.162969

TWN-1 : -119.039110 34.162782
TWN-2 : -119.039051 34.162791
TWN-3 : -119.038976 34.162809


